Buy                          Sell
31355.4000  0.00036000    62711.4700  0.00159000
33000.0000  11.7142300    62712.0900  0.14318000
50168.0000  0.05142000    62715.7700  0.20000000
55320.0000  0.01942000    62722.1400  6.21884000
55640.0000  0.00764000    62724.0000  0.11918000
55960.0000  0.00193000    62724.7200  0.09074000
56280.0000  0.04955000    62725.5400  0.51130000
56600.0000  14.7077900    62725.6800  0.02500000
56920.0000  0.01038000    62725.8800  0.15944000
61720.0000  0.12716000    62726.0000  0.07860000
62000.0000  1.73143000    62727.2100  0.04840000
62464.3000  0.01052000    62727.2800  0.00499000
62468.1900  0.00014000    62727.7800  0.00159000
62574.6700  0.61304000    62728.0000  0.67859000
62617.2700  0.01600000    62728.0100  1.12573000
62618.9800  0.00015000    62729.6800  0.44198000
62626.0000  0.01500000    62732.0300  1.23047000
62631.5800  0.00281000    62733.4800  0.01999000
62632.2900  0.02870000    62734.8700  0.47807000
62637.0200  0.95514000    62735.3200  0.00159000
62642.6500  0.31930000    62735.3300  0.04840000
62643.6500  0.00100000    62735.9900  0.69782000
62645.6000  0.15591000    62745.2400  0.00158000
62648.4300  0.00100000    62745.4100  0.00261000
62652.3100  1.25182000    62747.9900  0.05569000
62659.0200  0.00198000    62748.3700  0.00236000
62661.7000  0.02798000    62748.5500  0.41337000
62665.0500  0.00159000    62748.9700  0.68885000
62665.8600  0.47807000    62753.3600  0.06306000
62666.6600  0.30500000    62755.0500  0.00339000
62666.9000  0.00797000    62756.2800  0.32255000
62667.7300  0.01665000    62761.0300  0.06306000
62672.0000  0.00051000    62762.0500  0.03013000
62672.2100  0.04983000    62764.8600  0.00008000
62674.3600  0.36444000    62765.4900  0.01345000
62674.8100  0.00548000    62768.9800  0.03297000
62675.3500  0.31914000    62769.1400  0.07327000
62675.4800  0.00079000    62771.7700  0.00273000
62677.8200  0.01000000    62775.9900  0.00440000
62677.9500  0.00049000    62778.0000  0.13217000
62680.0000  0.05395000    62779.7200  0.00319000
62685.0700  0.00274000    62793.1700  0.03740000
62685.7800  0.31908000    62794.8300  0.01594000
62687.9900  0.00389000    62802.9200  0.02798000
62688.0300  0.00511000    62803.4900  0.10544000
62691.3400  0.01346000    62806.1800  0.15277000
62695.6300  0.38651000    62819.9600  0.04875000
62696.8400  0.32170000    62833.4600  0.00159000
62697.7300  5.48813000    63044.0800  0.00032000
62702.5200  0.00036000    63555.0000  1.23041000